[gd_scene load_steps=17 format=3 uid="uid://ckdoofqao02ya"]

[ext_resource type="Texture2D" uid="uid://cantvkrbgkmjk" path="res://assets/trees/tree3.png" id="2_sngnl"]
[ext_resource type="Texture2D" uid="uid://byp8c252sasi1" path="res://assets/trees/tree2.png" id="3_ev73l"]
[ext_resource type="PackedScene" uid="uid://cq71q4blu7jpq" path="res://elements/tree.tscn" id="4_hv4cd"]
[ext_resource type="Texture2D" uid="uid://dcx2yu4w0kts1" path="res://assets/textures/leafs1.png" id="5_7oduk"]
[ext_resource type="PackedScene" uid="uid://bes2rlrloukop" path="res://elements/person.tscn" id="6_n3p5m"]
[ext_resource type="PackedScene" uid="uid://d007pbt05fvup" path="res://elements/fire_bundle.tscn" id="7_8nbjw"]
[ext_resource type="PackedScene" uid="uid://332gccsl36ls" path="res://elements/background_trees.tscn" id="7_23oca"]

[sub_resource type="Environment" id="Environment_ctms2"]
background_mode = 1
background_color = Color(0.0784314, 0.0784314, 0.117647, 1)
sky_rotation = Vector3(0.965167, -1.14319, 0.671952)
ambient_light_source = 2
fog_light_color = Color(0.0392157, 0.0392157, 0.0392157, 1)
fog_density = 0.0573
fog_sky_affect = 0.64

[sub_resource type="StandardMaterial3D" id="StandardMaterial3D_lkwhb"]
transparency = 1
cull_mode = 2
albedo_texture = ExtResource("2_sngnl")
albedo_texture_force_srgb = true

[sub_resource type="PlaneMesh" id="PlaneMesh_5ifr8"]
material = SubResource("StandardMaterial3D_lkwhb")

[sub_resource type="StandardMaterial3D" id="StandardMaterial3D_4mxjk"]
transparency = 1
cull_mode = 2
albedo_texture = ExtResource("3_ev73l")
albedo_texture_force_srgb = true

[sub_resource type="PlaneMesh" id="PlaneMesh_w7ung"]
material = SubResource("StandardMaterial3D_4mxjk")

[sub_resource type="BoxShape3D" id="BoxShape3D_p048a"]

[sub_resource type="Shader" id="Shader_3k1y2"]
code = "// NOTE: Shader automatically converted from Godot Engine 4.0.3.stable's StandardMaterial3D.

shader_type spatial;
render_mode blend_mix,depth_draw_opaque,cull_back,diffuse_burley,specular_schlick_ggx;
uniform vec4 albedo : source_color;
uniform sampler2D texture_albedo : source_color,filter_linear_mipmap,repeat_enable;
uniform float point_size : hint_range(0,128);
uniform float roughness : hint_range(0,1);
uniform sampler2D texture_metallic : hint_default_white,filter_linear_mipmap,repeat_enable;
uniform vec4 metallic_texture_channel;
uniform sampler2D texture_roughness : hint_roughness_r,filter_linear_mipmap,repeat_enable;
uniform float specular;
uniform float metallic;
uniform vec3 uv1_scale;
uniform vec3 uv1_offset;
uniform vec3 uv2_scale;
uniform vec3 uv2_offset;


void vertex() {
	vec2 uv = UV*uv1_scale.xy+uv1_offset.xy;
	//uv.x -= 10.;
	VERTEX.y += sin(VERTEX.x * VERTEX.x * 1000.)/10.;
	if (VERTEX.x < 0.) {
		
		VERTEX.y -= VERTEX.x*VERTEX.x * VERTEX.x* VERTEX.x*20.;
	}
	UV=uv;
}






void fragment() {
	vec2 base_uv = UV;
	vec4 albedo_tex = texture(texture_albedo,base_uv);
	ALBEDO = albedo.rgb * albedo_tex.rgb;
	float metallic_tex = dot(texture(texture_metallic,base_uv),metallic_texture_channel);
	METALLIC = metallic_tex * metallic;
	vec4 roughness_texture_channel = vec4(1.0,0.0,0.0,0.0);
	float roughness_tex = dot(texture(texture_roughness,base_uv),roughness_texture_channel);
	ROUGHNESS = roughness_tex * roughness;
	SPECULAR = specular;
}
"

[sub_resource type="ShaderMaterial" id="ShaderMaterial_dufqi"]
render_priority = 0
shader = SubResource("Shader_3k1y2")
shader_parameter/albedo = Color(1, 1, 1, 1)
shader_parameter/point_size = 1.0
shader_parameter/roughness = 1.0
shader_parameter/metallic_texture_channel = Plane(1, 0, 0, 0)
shader_parameter/specular = 0.5
shader_parameter/metallic = 0.0
shader_parameter/uv1_scale = Vector3(34, 34, 34)
shader_parameter/uv1_offset = Vector3(0, 0, 0)
shader_parameter/uv2_scale = Vector3(1, 1, 1)
shader_parameter/uv2_offset = Vector3(0, 0, 0)
shader_parameter/texture_albedo = ExtResource("5_7oduk")

[sub_resource type="PlaneMesh" id="PlaneMesh_n5q1r"]
material = SubResource("ShaderMaterial_dufqi")
subdivide_width = 16
subdivide_depth = 16

[node name="Node3D" type="Node3D"]

[node name="WorldEnvironment" type="WorldEnvironment" parent="."]
environment = SubResource("Environment_ctms2")

[node name="allTrees" type="Node3D" parent="."]
transform = Transform3D(4.26683, 0, 0, 0, 4.26683, 0, 0, 0, 4.26683, -0.283336, -0.635651, -6.24432)

[node name="trees" type="Node3D" parent="allTrees"]

[node name="tree1_1" type="MeshInstance3D" parent="allTrees/trees"]
transform = Transform3D(0.772667, 0.63459, -0.0167614, -0.0978507, 0.0929706, -0.990849, -0.627225, 0.767237, 0.13393, 0, 0.609394, 0)
mesh = SubResource("PlaneMesh_5ifr8")
skeleton = NodePath("../../..")

[node name="tree2_1" type="MeshInstance3D" parent="allTrees/trees"]
transform = Transform3D(-0.298186, 0.951052, -0.0811494, -0.0889434, -0.112332, -0.989682, -0.950355, -0.287892, 0.118086, 1.48349, 0.931191, 0)
mesh = SubResource("PlaneMesh_w7ung")
skeleton = NodePath("../../..")

[node name="tree1_2" type="MeshInstance3D" parent="allTrees/trees"]
transform = Transform3D(0.967236, -0.0990865, 0.233742, 0.200178, -0.26862, -0.942217, 0.156149, 0.958136, -0.239984, -0.904664, 0.611794, 0.574481)
mesh = SubResource("PlaneMesh_5ifr8")
skeleton = NodePath("../../..")

[node name="tree2_2" type="MeshInstance3D" parent="allTrees/trees"]
transform = Transform3D(0.493391, 0.85818, -0.141748, -0.0889434, -0.112332, -0.989682, -0.865248, 0.500907, 0.0209058, 0.104933, 0.931191, 1.66143)
mesh = SubResource("PlaneMesh_w7ung")
skeleton = NodePath("../../..")

[node name="tree1_3" type="MeshInstance3D" parent="allTrees/trees"]
transform = Transform3D(-0.868317, 0.396808, -0.297605, 0.253241, -0.161244, -0.953871, -0.426491, -0.903628, 0.039523, 0.841809, 0.529931, 1.52736)
mesh = SubResource("PlaneMesh_5ifr8")
skeleton = NodePath("../../..")

[node name="tree2_3" type="MeshInstance3D" parent="allTrees/trees"]
transform = Transform3D(-0.741548, -0.655896, 0.14109, -0.168176, -0.0218564, -0.985515, 0.649479, -0.754534, -0.0940987, -0.200089, 0.943946, 0.450609)
mesh = SubResource("PlaneMesh_w7ung")
skeleton = NodePath("../../..")

[node name="tree1_4" type="MeshInstance3D" parent="allTrees/trees"]
transform = Transform3D(0.986694, 0.160026, 0.0287632, 0.0449388, -0.0983967, -0.994132, -0.156257, 0.982196, -0.104279, 1.3118, 0.52737, 1.13633)
mesh = SubResource("PlaneMesh_5ifr8")
skeleton = NodePath("../../..")

[node name="tree2_4" type="MeshInstance3D" parent="allTrees/trees"]
transform = Transform3D(-0.991891, 0.100546, 0.0777296, -0.0773953, 0.0072275, -0.996974, -0.100803, -0.994906, 0.000612587, 1.88307, 0.875868, 1.01327)
mesh = SubResource("PlaneMesh_w7ung")
skeleton = NodePath("../../..")

[node name="Node3D" parent="allTrees/trees" instance=ExtResource("4_hv4cd")]
transform = Transform3D(1, 0, 0, 0, 1, 0, 0, 0, 1, 0, 0, -0.536335)

[node name="Node3D2" parent="allTrees/trees" instance=ExtResource("4_hv4cd")]
transform = Transform3D(-1.11566, -0.135364, -1.13885, -0.138258, 1.5931, -0.0539135, 1.1385, 0.0608161, -1.12255, -1.33222, 0, 0.908817)

[node name="Node3D3" parent="allTrees/trees" instance=ExtResource("4_hv4cd")]
transform = Transform3D(0.831547, 0, -0.555454, 0.0351772, 0.997993, 0.0526623, 0.554339, -0.0633305, 0.829878, 1.42038, -0.0146206, -0.216621)

[node name="Node3D4" parent="allTrees/trees" instance=ExtResource("4_hv4cd")]
transform = Transform3D(-1.56011, -0.146342, -0.323483, -0.11727, 1.58835, -0.152983, 0.335119, -0.125459, -1.55947, -0.490137, 0.0146206, -0.481303)

[node name="Node3D5" parent="allTrees/trees" instance=ExtResource("4_hv4cd")]
transform = Transform3D(-0.866862, 0, -0.498548, 0, 1, 0, 0.498548, 0, -0.866862, -0.500232, 0, 0.516796)

[node name="Node3D6" parent="allTrees/trees" instance=ExtResource("4_hv4cd")]
transform = Transform3D(0.399526, 0.0870218, 1.54687, -0.138258, 1.5931, -0.0539135, -1.54313, -0.120204, 0.405324, -1.07012, 0, -0.333551)

[node name="Node3D7" parent="allTrees/trees" instance=ExtResource("4_hv4cd")]
transform = Transform3D(-0.997201, 0.0315733, 0.0677679, 0.0351772, 0.997993, 0.0526623, -0.0659691, 0.0548988, -0.99631, -0.711428, -0.0146206, 1.09216)

[node name="Node3D8" parent="allTrees/trees" instance=ExtResource("4_hv4cd")]
transform = Transform3D(1.18533, 0.189406, 1.05789, -0.11727, 1.58835, -0.152983, -1.06829, 0.0357976, 1.19058, -0.668858, 0.0146206, 0.108335)

[node name="trees2" type="Node3D" parent="allTrees"]
transform = Transform3D(-0.0560999, 0, -0.998425, 0, 1, 0, 0.998425, 0, -0.0560999, 0.859339, 0, -0.618834)

[node name="tree1_1" type="MeshInstance3D" parent="allTrees/trees2"]
transform = Transform3D(0.772667, 0.63459, -0.0167614, -0.0978507, 0.0929706, -0.990849, -0.627225, 0.767237, 0.13393, 0, 0.609394, 0)
mesh = SubResource("PlaneMesh_5ifr8")
skeleton = NodePath("../../..")

[node name="tree2_1" type="MeshInstance3D" parent="allTrees/trees2"]
transform = Transform3D(-0.298186, 0.951052, -0.0811494, -0.0889434, -0.112332, -0.989682, -0.950355, -0.287892, 0.118086, 1.48349, 0.931191, 0)
mesh = SubResource("PlaneMesh_w7ung")
skeleton = NodePath("../../..")

[node name="tree1_2" type="MeshInstance3D" parent="allTrees/trees2"]
transform = Transform3D(0.967236, -0.0990865, 0.233742, 0.200178, -0.26862, -0.942217, 0.156149, 0.958136, -0.239984, 0.559773, 0.611794, 0.492197)
mesh = SubResource("PlaneMesh_5ifr8")
skeleton = NodePath("../../..")

[node name="tree2_2" type="MeshInstance3D" parent="allTrees/trees2"]
transform = Transform3D(0.493391, 0.85818, -0.141748, -0.0889434, -0.112332, -0.989682, -0.865248, 0.500907, 0.0209058, 0.104933, 0.931191, 1.66143)
mesh = SubResource("PlaneMesh_w7ung")
skeleton = NodePath("../../..")

[node name="tree1_3" type="MeshInstance3D" parent="allTrees/trees2"]
transform = Transform3D(-0.868317, 0.396808, -0.297605, 0.253241, -0.161244, -0.953871, -0.426491, -0.903628, 0.039523, 0.414256, 0.529931, 1.79114)
mesh = SubResource("PlaneMesh_5ifr8")
skeleton = NodePath("../../..")

[node name="tree2_3" type="MeshInstance3D" parent="allTrees/trees2"]
transform = Transform3D(-0.741548, -0.655896, 0.14109, -0.168176, -0.0218564, -0.985515, 0.649479, -0.754534, -0.0940987, -0.200089, 0.943946, 0.450609)
mesh = SubResource("PlaneMesh_w7ung")
skeleton = NodePath("../../..")

[node name="tree1_4" type="MeshInstance3D" parent="allTrees/trees2"]
transform = Transform3D(0.986694, 0.160026, 0.0287632, 0.0449388, -0.0983967, -0.994132, -0.156257, 0.982196, -0.104279, 1.3118, 0.52737, 2.37244)
mesh = SubResource("PlaneMesh_5ifr8")
skeleton = NodePath("../../..")

[node name="tree2_4" type="MeshInstance3D" parent="allTrees/trees2"]
transform = Transform3D(-0.991891, 0.100546, 0.0777296, -0.0773953, 0.0072275, -0.996974, -0.100803, -0.994906, 0.000612587, 1.88329, 0.875868, 1.0171)
mesh = SubResource("PlaneMesh_w7ung")
skeleton = NodePath("../../..")

[node name="Node3D" parent="allTrees/trees2" instance=ExtResource("4_hv4cd")]
transform = Transform3D(0.67496, 0, 0.737855, 0, 1, 0, -0.737855, 0, 0.67496, 1.05041, 0, -0.922155)

[node name="Node3D2" parent="allTrees/trees2" instance=ExtResource("4_hv4cd")]
transform = Transform3D(1.0194, 0.211563, -1.21494, -0.355951, 1.55967, -0.0270682, 1.18073, 0.287533, 1.04077, 1.21943, 0, 1.0701)

[node name="Node3D3" parent="allTrees/trees2" instance=ExtResource("4_hv4cd")]
transform = Transform3D(0.970283, -0.0467287, 0.237421, 0.0351772, 0.997993, 0.0526623, -0.239405, -0.0427455, 0.969979, 1.79686, -0.0146206, -0.693079)

[node name="Node3D4" parent="allTrees/trees2" instance=ExtResource("4_hv4cd")]
transform = Transform3D(-0.805742, -0.191346, -1.369, -0.11727, 1.58835, -0.152983, 1.37733, 0.0232994, -0.813896, 0.76019, 0.0146206, -0.523361)

[node name="Node3D5" parent="allTrees/trees2" instance=ExtResource("4_hv4cd")]
transform = Transform3D(-0.217241, 0, -0.976118, 0, 1, 0, 0.976118, 0, -0.217241, 1.59897, 0, 1.61866)

[node name="Node3D6" parent="allTrees/trees2" instance=ExtResource("4_hv4cd")]
transform = Transform3D(-0.868942, -0.0299569, 1.34314, -0.138258, 1.5931, -0.0539135, -1.33634, -0.145342, -0.867789, 0.477744, 0, 0.00430971)

[node name="Node3D7" parent="allTrees/trees2" instance=ExtResource("4_hv4cd")]
transform = Transform3D(-0.721746, 0.0618181, -0.689392, 0.0351772, 0.997993, 0.0526623, 0.691264, 0.013758, -0.722472, 1.64356, -0.0146206, 2.32939)

[node name="Node3D8" parent="allTrees/trees2" instance=ExtResource("4_hv4cd")]
transform = Transform3D(0.0118071, 0.154255, 1.59251, -0.11727, 1.58835, -0.152983, -1.59566, -0.115592, 0.0230239, 1.65627, -0.0088628, 1.09985)

[node name="StaticBody3D" type="StaticBody3D" parent="."]
transform = Transform3D(3.31764, 0, -2.68312, 0, 4.26683, 0, 2.68312, 0, 3.31764, -1.56962, -0.635651, 10.5347)

[node name="CollisionShape3D" type="CollisionShape3D" parent="StaticBody3D"]
transform = Transform3D(246.694, 0, -4.76837e-07, 0, 0.258, 0, 7.62939e-06, 0, 8.6028, 0, -0.187643, 0)
shape = SubResource("BoxShape3D_p048a")

[node name="MeshInstance3D" type="MeshInstance3D" parent="StaticBody3D/CollisionShape3D"]
transform = Transform3D(0.0575585, 0.000429184, 0.0180838, -2.59265, 10.5781, -1.92576e-06, -0.000609696, 7.12415e-06, 1.71538, -0.00278307, 0.949032, -0.195398)
mesh = SubResource("PlaneMesh_n5q1r")
skeleton = NodePath("../../..")

[node name="Camera3D" type="Camera3D" parent="."]
transform = Transform3D(0.99976, -0.00237376, 0.0217907, 0.00361135, 0.998372, -0.0569318, -0.0216201, 0.0569969, 0.99814, 0.760967, -0.224227, 23.2015)
fov = 19.3

[node name="Node3D" type="Node3D" parent="."]
transform = Transform3D(4.26683, 0, 0, 0, 4.26683, 0, 0, 0, 4.26683, 0.522695, -1.15839, -4.49455)

[node name="OmniLight3D" type="OmniLight3D" parent="Node3D"]
transform = Transform3D(0.234366, 0, 0, 0, 0.234366, 0, 0, 0, 0.234366, -0.0187953, 0.296932, 0.769014)
light_color = Color(1, 0.792157, 0.639216, 1)
light_energy = 1.97
omni_range = 11.781

[node name="OmniLight3D2" type="OmniLight3D" parent="Node3D"]
transform = Transform3D(0.234366, 0, 0, 0, 0.234366, 0, 0, 0, 0.234366, 1.15303, 1.46876, 0.769014)
light_color = Color(0.937255, 0.54902, 0.52549, 1)
light_energy = 1.97
omni_range = 11.781

[node name="background_trees_set" type="Node3D" parent="."]
transform = Transform3D(4.26683, 0, 0, 0, 4.26683, 0, 0, 0, 4.26683, 8.63317, 3.72356, -13.4401)

[node name="Node3D" parent="background_trees_set" instance=ExtResource("7_23oca")]
transform = Transform3D(3.53065, 0, 0.130024, 0, 3.56088, 0, -0.463001, 0, 0.991511, -2.39124, 1.12862, -4.76396)

[node name="Node3D7" parent="background_trees_set" instance=ExtResource("7_23oca")]
transform = Transform3D(3.53065, 0, 0.130024, 0, 3.56088, 0, -0.463001, 0, 0.991511, -2.70941, -0.00372982, -6.27616)

[node name="Node3D2" parent="background_trees_set" instance=ExtResource("7_23oca")]
transform = Transform3D(2.36523, 0, -0.163892, 0, 2.39074, 0, 0.411012, 0, 0.943139, 1.2454, 1.12862, -2.7347)

[node name="Node3D3" parent="background_trees_set" instance=ExtResource("7_23oca")]
transform = Transform3D(3.53065, 0, 0.130024, 0, 3.56088, 0, -0.463001, 0, 0.991511, -7.47199, 1.12862, -10.6737)

[node name="Node3D4" parent="background_trees_set" instance=ExtResource("7_23oca")]
transform = Transform3D(2.36523, 0, -0.163892, 0, 2.39074, 0, 0.411012, 0, 0.943139, -3.83535, 1.12862, -8.64448)

[node name="Node3D5" parent="background_trees_set" instance=ExtResource("7_23oca")]
transform = Transform3D(3.53065, 0, 0.130024, 0, 3.56088, 0, -0.463001, 0, 0.991511, 1.31931, 1.12862, -10.6737)

[node name="Node3D6" parent="background_trees_set" instance=ExtResource("7_23oca")]
transform = Transform3D(2.36523, 0, -0.163892, 0, 2.39074, 0, 0.411012, 0, 0.943139, 1.27751, 0.642639, -8.23156)

[node name="person" parent="." instance=ExtResource("6_n3p5m")]
transform = Transform3D(1, 0, 0, 0, 1, 0, 0, 0, 1, 0, 1.05644, 0)

[node name="person2" parent="." instance=ExtResource("6_n3p5m")]
transform = Transform3D(0.707107, 0, 0.707107, 0, 1, 0, -0.707107, 0, 0.707107, 1.41316, 1.05644, 0)

[node name="person3" parent="." instance=ExtResource("6_n3p5m")]
transform = Transform3D(-0.258819, 0, 0.965926, 0, 1, 0, -0.965926, 0, -0.258819, 2.10492, 1.21548, -1.33596)

[node name="person4" parent="." instance=ExtResource("6_n3p5m")]
transform = Transform3D(-0.866025, 0, 0.5, 0, 1, 0, -0.5, 0, -0.866025, 1.73916, 1.21548, -2.70097)

[node name="person5" parent="." instance=ExtResource("6_n3p5m")]
transform = Transform3D(-0.5, 0, -0.866025, 0, 1, 0, 0.866025, 0, -0.5, 0.0340986, 1.21548, -2.63038)

[node name="person6" parent="." instance=ExtResource("6_n3p5m")]
transform = Transform3D(0.258819, 0, -0.965926, 0, 1, 0, 0.965926, 0, 0.258819, -0.672482, 1.21548, -1.40655)

[node name="fire_bundle" parent="." instance=ExtResource("7_8nbjw")]
transform = Transform3D(1.51981, 0, 0, 0, 4.67292, 0, 0, 0, 1.70716, 0.569421, -0.656774, -0.538189)
